{
 "cells": [
  {
   "cell_type": "code",
   "execution_count": 1,
   "id": "79e92319",
   "metadata": {},
   "outputs": [],
   "source": [
    "import cv2\n",
    "import math\n",
    "import matplotlib.pyplot as plt\n",
    "import numpy as np\n",
    "import sys\n",
    "import time"
   ]
  },
  {
   "cell_type": "code",
   "execution_count": 2,
   "id": "5602a776",
   "metadata": {},
   "outputs": [],
   "source": [
    "ball_cam1=np.array([583,299])\n",
    "ball_cam2=np.array([760,277])"
   ]
  },
  {
   "cell_type": "code",
   "execution_count": 18,
   "id": "1dae0b70",
   "metadata": {},
   "outputs": [
    {
     "name": "stdout",
     "output_type": "stream",
     "text": [
      "Rotaion Matrix\n",
      "-cam-->>world-\n",
      "\n",
      "[[-0.9549  0.212  -0.2078]\n",
      " [-0.2953 -0.7503  0.5914]\n",
      " [ 0.0305 -0.6261 -0.7791]]\n",
      "\n",
      "[[-0.7009  0.3537 -0.6194]\n",
      " [-0.7128 -0.3172  0.6255]\n",
      " [-0.0248 -0.8799 -0.4744]]\n",
      "\n",
      "\n",
      "World Coordinate about Cam\n",
      "------cam--->>>world------\n",
      "\n",
      "[-1141.732   135.227  1683.209]\n",
      "\n",
      "[-394.3632  163.9281 1394.106 ]\n",
      "\n",
      "\n",
      "Trans M between cam & world\n",
      "\n",
      "[[-9.549000e-01  2.120000e-01 -2.078000e-01 -1.141732e+03]\n",
      " [-2.953000e-01 -7.503000e-01  5.914000e-01  1.352270e+02]\n",
      " [ 3.050000e-02 -6.261000e-01 -7.791000e-01  1.683209e+03]\n",
      " [ 0.000000e+00  0.000000e+00  0.000000e+00  1.000000e+00]]\n",
      "\n",
      "[[-7.009000e-01  3.537000e-01 -6.194000e-01 -3.943632e+02]\n",
      " [-7.128000e-01 -3.172000e-01  6.255000e-01  1.639281e+02]\n",
      " [-2.480000e-02 -8.799000e-01 -4.744000e-01  1.394106e+03]\n",
      " [ 0.000000e+00  0.000000e+00  0.000000e+00  1.000000e+00]]\n",
      "\n",
      "\n",
      "Inversed Rotation Matrix\n",
      "-----world--->>>cam-----\n",
      "\n",
      "[[-0.95493298 -0.29530331  0.0305387 ]\n",
      " [ 0.21205245 -0.75037806 -0.62615593]\n",
      " [-0.20779296  0.59145803 -0.77914561]]\n",
      "\n",
      "[[-0.70090437 -0.71285339 -0.02476734]\n",
      " [ 0.35368856 -0.31716722 -0.87998058]\n",
      " [-0.61936791  0.62553583 -0.47447482]]\n",
      "\n",
      "\n",
      "Cam Coordinate about World\n",
      "------world--->>>cam------\n",
      "\n",
      "[  769.1371806  1231.1424441 -1430.8765826]\n",
      "\n",
      "[-529.11872055 1101.11739864 -795.82401423]\n"
     ]
    }
   ],
   "source": [
    "cam1_R=np.array([[0.9549,-0.2120,0.2078],\n",
    "                  [0.2953,0.7503,-0.5914],\n",
    "                  [-0.0305,0.6261,0.7791]])\n",
    "\n",
    "cam2_R=np.array([[0.7009,-0.3537,0.6194],\n",
    "                  [0.7128,0.3172,-0.6255],\n",
    "                  [0.0248,0.8799,0.4744]])\n",
    "\n",
    "cam1_T=np.array([-1141.732,135.2270,1683.209])\n",
    "\n",
    "cam2_T=np.array([-394.3632,163.9281,1394.106])\n",
    "\n",
    "#Translation Matrix between each cam & World Coord\n",
    "\n",
    "cam1_Trans=np.zeros((4,4))\n",
    "cam2_Trans=np.zeros((4,4))\n",
    "\n",
    "cam1_Trans[0:3,0:3]=cam1_R\n",
    "cam1_Trans[0:3,3]=cam1_T\n",
    "cam1_Trans[3,:]=[0,0,0,1]\n",
    "\n",
    "cam2_Trans[0:3,0:3]=cam2_R\n",
    "cam2_Trans[0:3,3]=cam2_T\n",
    "cam2_Trans[3,:]=[0,0,0,1]\n",
    "\n",
    "cam1_oc=np.dot(cam1_R,cam1_T)\n",
    "cam2_oc=np.dot(cam2_R,cam2_T)\n",
    "\n",
    "cam1_R_inv=np.linalg.inv(cam1_R)\n",
    "cam2_R_inv=np.linalg.inv(cam2_R)\n",
    "\n",
    "#Cam Coordinate\n",
    "print('Rotaion Matrix')\n",
    "print('-cam-->>world-')\n",
    "print('')\n",
    "print(cam1_R)\n",
    "print('')\n",
    "print(cam2_R)\n",
    "print('')\n",
    "print('')\n",
    "print('World Coordinate about Cam')\n",
    "print('------cam--->>>world------')\n",
    "print('')\n",
    "print(cam1_T)\n",
    "print('')\n",
    "print(cam2_T)\n",
    "print('')\n",
    "print('')\n",
    "print('Trans M between cam & world')\n",
    "print('')\n",
    "print(cam1_Trans)\n",
    "print('')\n",
    "print(cam2_Trans)\n",
    "print('')\n",
    "print('')\n",
    "print('Inversed Rotation Matrix')\n",
    "print('-----world--->>>cam-----')\n",
    "print('')\n",
    "print(cam1_R_inv)\n",
    "print('')\n",
    "print(cam2_R_inv)\n",
    "print('')\n",
    "print('')\n",
    "print('Cam Coordinate about World')\n",
    "print('------world--->>>cam------')\n",
    "print('')\n",
    "print(cam1_oc)\n",
    "print('')\n",
    "print(cam2_oc)"
   ]
  },
  {
   "cell_type": "code",
   "execution_count": 40,
   "id": "9ff361d4",
   "metadata": {},
   "outputs": [
    {
     "name": "stdout",
     "output_type": "stream",
     "text": [
      "[ 0.9549  0.2953 -0.0305]\n",
      "[-0.212   0.7503  0.6261]\n",
      "[ 0.2078 -0.5914  0.7791]\n"
     ]
    }
   ],
   "source": [
    "cam1_R=np.array([[0.9549,-0.2120,0.2078],\n",
    "                  [0.2953,0.7503,-0.5914],\n",
    "                  [-0.0305,0.6261,0.7791]])\n",
    "\n",
    "x_axis=np.array([1,0,0])\n",
    "y_axis=np.array([0,1,0])\n",
    "z_axis=np.array([0,0,1])\n",
    "\n",
    "\n",
    "x_t=np.dot(cam1_R,x_axis)\n",
    "y_t=np.dot(cam1_R,y_axis)\n",
    "z_t=np.dot(cam1_R,z_axis)\n",
    "\n",
    "print(x_t)\n",
    "print(y_t)\n",
    "print(z_t)"
   ]
  },
  {
   "cell_type": "code",
   "execution_count": 19,
   "id": "ac97b4dd",
   "metadata": {},
   "outputs": [
    {
     "name": "stdout",
     "output_type": "stream",
     "text": [
      "[ 7.69137181e+02  1.23114244e+03 -1.43087658e+03  1.00000000e+00]\n",
      "[-5.29118721e+02  1.10111740e+03 -7.95824014e+02  1.00000000e+00]\n",
      "\n",
      "\n",
      "Transposed Transformation Matrix\n",
      "\n",
      "[[-9.54932981e-01 -2.95303305e-01  3.05386968e-02  7.69137181e+02]\n",
      " [ 2.12052450e-01 -7.50378056e-01 -6.26155926e-01  1.23114244e+03]\n",
      " [-2.07792959e-01  5.91458029e-01 -7.79145610e-01 -1.43087658e+03]\n",
      " [ 0.00000000e+00  0.00000000e+00  0.00000000e+00  1.00000000e+00]]\n",
      "\n",
      "[[-7.00904373e-01 -7.12853388e-01 -2.47673394e-02 -5.29118721e+02]\n",
      " [ 3.53688560e-01 -3.17167218e-01 -8.79980583e-01  1.10111740e+03]\n",
      " [-6.19367907e-01  6.25535833e-01 -4.74474821e-01 -7.95824014e+02]\n",
      " [ 0.00000000e+00  0.00000000e+00  0.00000000e+00  1.00000000e+00]]\n",
      "\n",
      "\n",
      "I-Matrix\n",
      "\n",
      "[[1 0 0 0]\n",
      " [0 1 0 0]\n",
      " [0 0 1 0]]\n",
      "\n",
      "\n",
      "Fundamental Matrix\n",
      "\n",
      "\n",
      "[[ 8.79047363e-01 -2.70960586e-01  3.92285713e-01 -7.30991475e+02]\n",
      " [ 4.01770583e-01  8.63977470e-01 -3.03658391e-01  3.17968266e+02]\n",
      " [-2.56626387e-01  4.24463366e-01  8.68290634e-01  8.69308545e+01]\n",
      " [ 0.00000000e+00  0.00000000e+00  0.00000000e+00  1.00000000e+00]]\n",
      "\n"
     ]
    }
   ],
   "source": [
    "# cam1_Trans=np.array([[cam1_R[0,0],cam1_R[0,1],cam1_R[0,2],cam1_T[0]],\n",
    "#                    [cam1_R[1,0],cam1_R[1,1],cam1_R[1,2],cam1_T[1]],\n",
    "#                    [cam1_R[2,0],cam1_R[2,1],cam1_R[2,2],cam1_T[2]],\n",
    "#                     [0,0,0,1]])\n",
    "                    \n",
    "# cam2_Trans=np.array([[cam2_R[0,0],cam2_R[0,1],cam2_R[0,2],cam2_T[0]],\n",
    "#                    [cam2_R[1,0],cam2_R[1,1],cam2_R[1,2],cam2_T[1]],\n",
    "#                    [cam2_R[2,0],cam2_R[2,1],cam2_R[2,2],cam2_T[2]],\n",
    "#                     [0,0,0,1]])\n",
    "\n",
    "I_matrix=np.array([[1,0,0,0],[0,1,0,0],[0,0,1,0]])\n",
    "\n",
    "\n",
    "cam1_T_h=np.zeros((4,1))\n",
    "cam1_T_h[0:3,0]=cam1_T\n",
    "cam1_T_h[3,0]=1\n",
    "\n",
    "cam2_T_h=np.zeros((4))\n",
    "cam2_T_h[0:3]=cam2_T\n",
    "cam2_T_h[3]=1\n",
    "\n",
    "#homogeneous oc\n",
    "cam1_oc_h=np.zeros(4)\n",
    "cam1_oc_h[0:3]=cam1_oc\n",
    "cam1_oc_h[3]=1\n",
    "\n",
    "print(cam1_oc_h)\n",
    "\n",
    "cam2_oc_h=np.zeros(4)\n",
    "cam2_oc_h[0:3]=cam2_oc\n",
    "cam2_oc_h[3]=1\n",
    "\n",
    "print(cam2_oc_h)\n",
    "\n",
    "# transformation matrix for world->cam\n",
    "\n",
    "cam1_Trans_t=np.zeros((4,4))\n",
    "cam2_Trans_t=np.zeros((4,4))\n",
    "\n",
    "cam1_Trans_t[0:3,0:3]=cam1_R_inv\n",
    "cam1_Trans_t[0:4,3]=cam1_oc_h\n",
    "\n",
    "cam2_Trans_t[0:3,0:3]=cam2_R_inv\n",
    "cam2_Trans_t[0:4,3]=cam2_oc_h\n",
    "\n",
    "cam_Fun_M=np.dot(np.linalg.inv(cam1_Trans),cam2_Trans)\n",
    "\n",
    "# cam_Fun_T=np.dot(cam_Fun_R,cam2_T)\n",
    "# cam_Fun_M=np.zeros((4,4))\n",
    "# cam_Fun_M[0:3,0:3]=cam_Fun_R\n",
    "# cam_Fun_M[0:3,3]=cam_Fun_T\n",
    "\n",
    "# result=np.dot(cam_Fun_M,cam2_T_h)\n",
    "\n",
    "print('')\n",
    "print('')\n",
    "print('Transposed Transformation Matrix')\n",
    "print('')\n",
    "print(cam1_Trans_t)\n",
    "print('')\n",
    "print(cam2_Trans_t)\n",
    "print('')\n",
    "print('')\n",
    "\n",
    "# print('World Coordinate about Cam')\n",
    "# print('------cam--->>>world------')\n",
    "# print('')\n",
    "# print(cam1_T)\n",
    "# print('')\n",
    "# print(cam2_T)\n",
    "# print('')\n",
    "# print('')\n",
    "# print('Cam Coordinate about World')\n",
    "# print('------world--->>>cam------')\n",
    "# print('')\n",
    "# print(cam1_oc)\n",
    "# print('')\n",
    "# print(cam2_oc)\n",
    "# print('')\n",
    "# print('')\n",
    "\n",
    "print('I-Matrix')\n",
    "print('')\n",
    "print(I_matrix)\n",
    "print('')\n",
    "print('')\n",
    "\n",
    "\n",
    "print('Fundamental Matrix')\n",
    "\n",
    "# print('')\n",
    "# print(cam_Fun_R)\n",
    "# print('')\n",
    "# print(cam_Fun_T)\n",
    "\n",
    "print('')\n",
    "# print(cam2_T_h)\n",
    "print('')\n",
    "print(cam_Fun_M)\n",
    "print('')\n",
    "\n",
    "# print(result)"
   ]
  },
  {
   "cell_type": "code",
   "execution_count": 34,
   "id": "12611224",
   "metadata": {},
   "outputs": [
    {
     "name": "stdout",
     "output_type": "stream",
     "text": [
      "intrinsics Matrix\n",
      "\n",
      "[[763.2494   0.       0.    ]\n",
      " [  0.       0.     345.677 ]\n",
      " [648.2271 764.9436   1.    ]]\n",
      "[[940.6457   0.       0.    ]\n",
      " [  0.       0.     369.1142]\n",
      " [639.3781 942.874    1.    ]]\n"
     ]
    }
   ],
   "source": [
    "#Focallength(Re)\n",
    "cam1_f=np.array([763.2494,764.9436])\n",
    "cam2_f=np.array([940.6457,942.8740])\n",
    "\n",
    "#Principle Point(Re)\n",
    "cam1_c=np.array([648.2271,345.6770])\n",
    "cam2_c=np.array([639.3781,369.1142])\n",
    "\n",
    "#Distortion\n",
    "cam1_dist_r=np.array([0.2033,-0.4879,0.2806])\n",
    "cam1_dist_t=np.array([0,0])\n",
    "cam2_dist_r=np.array([0.2134,-0.5762,0.4176])\n",
    "cam2_dist_t=np.array([0,0])\n",
    "\n",
    "#Intrinsics Matrix\n",
    "cam1_int=np.array([[cam1_f[0],0,cam1_c[0]],[0,cam1_f[1],cam1_c[1]],[0,0,1]])\n",
    "cam2_int=np.array([[cam2_f[0],0,cam2_c[0]],[0,cam2_f[1],cam2_c[1]],[0,0,1]])\n",
    "\n",
    "print('intrinsics Matrix')\n",
    "print('')\n",
    "print(cam1_int)\n",
    "print(cam2_int)"
   ]
  },
  {
   "cell_type": "code",
   "execution_count": 35,
   "id": "e0122a7d",
   "metadata": {},
   "outputs": [
    {
     "name": "stdout",
     "output_type": "stream",
     "text": [
      "Projective Matrix\n",
      "\n",
      "[[-7.28852025e+02 -2.25390071e+02  2.33086420e+01  5.87043492e+05]\n",
      " [-7.18292469e+01  2.04453437e+02 -2.69332717e+02 -4.94621124e+05]\n",
      " [-4.57013066e+02 -7.64829039e+02 -4.59957103e+02  1.43889922e+06]]\n",
      "[[-6.59302684e+02 -6.70542474e+02 -2.32972913e+01 -4.97713249e+05]\n",
      " [-2.28617490e+02  2.30894158e+02 -1.75135394e+02 -2.93749944e+05]\n",
      " [-1.15278527e+02 -7.54206032e+02 -8.46020981e+02  6.99112220e+05]]\n"
     ]
    }
   ],
   "source": [
    "#Projection Matrix about World Coordinate\n",
    "\n",
    "cam1_Proj=np.dot(cam1_int,I_matrix)\n",
    "cam1_Proj=np.dot(cam1_Proj,cam1_Trans_t)\n",
    "cam2_Proj=np.dot(cam2_int,I_matrix)\n",
    "cam2_Proj=np.dot(cam2_Proj,cam2_Trans_t)\n",
    "\n",
    "# cam1_Proj=np.dot(cam1_int,I_matrix)\n",
    "# cam1_Proj=np.dot(cam1_Proj,np.array([[1,0,0,0],[0,1,0,0],[0,0,1,0],[0,0,0,1]]))\n",
    "                                     \n",
    "# cam2_Proj=np.dot(cam2_int,I_matrix)\n",
    "# cam2_Proj=np.dot(cam2_Proj,cam_Fun_M)\n",
    "                                     \n",
    "print('Projective Matrix')\n",
    "print('')\n",
    "print(cam1_Proj)\n",
    "print(cam2_Proj)"
   ]
  },
  {
   "cell_type": "code",
   "execution_count": 36,
   "id": "4906bcd9",
   "metadata": {},
   "outputs": [
    {
     "name": "stdout",
     "output_type": "stream",
     "text": [
      "ball_cam1\n",
      "[583 299]\n",
      "ball_cam2\n",
      "[760 277]\n",
      "ball_3D\n",
      "[0.70974864]\n",
      "[7.32421326]\n",
      "[-4.45957697]\n"
     ]
    }
   ],
   "source": [
    "ball_3D=np.array(cv2.triangulatePoints(cam1_Proj,cam2_Proj,ball_cam1,ball_cam2))\n",
    "# ball_3D=np.array([ball_3D[0]/ball_3D[3],ball_3D[1]/ball_3D[3],ball_3D[2]/ball_3D[3],ball_3D[3]/ball_3D[3]]])\n",
    "\n",
    "\n",
    "print('ball_cam1')\n",
    "print(ball_cam1)\n",
    "print('ball_cam2')\n",
    "print(ball_cam2)\n",
    "print('ball_3D')\n",
    "print(ball_3D[0]/ball_3D[3])\n",
    "print(ball_3D[1]/ball_3D[3])\n",
    "print(ball_3D[2]/ball_3D[3])\n"
   ]
  },
  {
   "cell_type": "code",
   "execution_count": null,
   "id": "e887cd3a",
   "metadata": {},
   "outputs": [],
   "source": []
  },
  {
   "cell_type": "code",
   "execution_count": null,
   "id": "229130cf",
   "metadata": {},
   "outputs": [],
   "source": []
  }
 ],
 "metadata": {
  "kernelspec": {
   "display_name": "Python 3 (ipykernel)",
   "language": "python",
   "name": "python3"
  },
  "language_info": {
   "codemirror_mode": {
    "name": "ipython",
    "version": 3
   },
   "file_extension": ".py",
   "mimetype": "text/x-python",
   "name": "python",
   "nbconvert_exporter": "python",
   "pygments_lexer": "ipython3",
   "version": "3.7.10"
  }
 },
 "nbformat": 4,
 "nbformat_minor": 5
}
